County         PR  TP          D          R        Lib
APPLING        19  19      4,494      1,848         27 
ATKINSON        6   6      1,666        799          5 
BACON           7   7      2,853        930          7 
BAKER           7   7        821        936          7 
BALDWIN        16  16      7,709      6,775         63 
BANKS          15  15      4,410      1,149         31 
BARROW         15  15     13,520      4,095        112 
BARTOW         19  19     22,311      7,741        180 
BENHILL        7   7      3,331      2,180         25 
BERRIEN        11  11      3,917      1,638         37 
BIBB           52  52     28,107     29,322        258 
BLECKLEY        3   3      3,167      1,281         19 
BRANTLEY       11  11      4,333      1,258         27 
BROOKS         11  11      2,912      2,193          8 
BRYAN          11  11      7,363      2,590         30 
BULLOCH        16  16     12,252      6,840         79 
BURKE          17  17      4,232      4,213         34 
BUTTS          12  12      5,119      2,572         43 
CALHOUN         7   7        890      1,119         10 
CAMDEN         16  16      9,488      4,637         50 
CANDLER         4   4      2,048      1,096          7 
CARROLL        34  34     24,837     10,224        217 
CATOOSA        14  14     16,406      5,807         91 
CHARLTON       11  11      2,311      1,064         12 
CHATHAM       110 110     45,484     45,630        401 
CHATTAHOOCHEE   3   3        905        773         10 
CHATTOOGA      15  15      4,992      2,809         46 
CHEROKEE       46  46     58,238     14,824        525 
CLARKE         26  26     15,052     21,718        465 
CLAY            7   7        509        798          2 
CLAYTON        55  55     23,106     56,113        327 
CLINCH          7   7      1,501        750         14 
COBB          207 207    173,467    103,955      2,051 
COFFEE          8   8      8,306      3,979         42 
COLQUITT       21  21      8,296      3,378         56 
COLUMBIA       45  45     35,549     11,442        153 
COOK           10  10      3,065      1,733         18 
COWETA         30  30     31,682     10,647        216 
CRAWFORD        8   8      2,830      1,552         20 
CRISP           8   8      3,865      2,357         28 
DADE            9   9      4,368      1,823         39 
DAWSON         10  10      6,649      1,407         57 
DECATUR        16  16      5,348      3,577         26 
DEKALB        195 195     73,570    200,787      1,782 
DODGE          18  18      4,584      2,384         27 
DOOLY           7   7      1,853      1,973         18 
DOUGHERTY      31  31     13,711     19,805        131 
DOUGLAS        24  24     25,846     15,997        222 
EARLY          13  13      2,495      1,701         17 
ECHOLS          3   3        757        231          3 
EFFINGHAM      23  23     12,503      3,613         51 
ELBERT         13  13      4,626      2,984         46 
EMANUEL        16  16      4,666      2,774         28 
EVANS          12  12      2,291      1,213         10 
FANNIN         13  13      6,862      2,727         61 
FAYETTE        38  38     37,346     14,887        295 
FLOYD          27  27     21,400     10,038        187 
FORSYTH        32  32     47,267      9,201        358 
FRANKLIN       15  15      5,218      2,245         39 
FULTON        338 338    134,372    199,436      2,216 
GILMER         15  15      7,414      2,510         74 
GLASCOCK        6   6      1,016        250          3 
GLYNN          26  26     18,608      8,962        122 
GORDON         16  16     11,671      4,028         76 
GRADY          15  15      5,068      3,092         31 
GREENE         10  10      4,069      2,774         29 
GWINNETT      150 150    160,445     81,708      1,764 
HABERSHAM      16  16     10,434      2,750         61 
HALL           41  41     38,883     10,514        299 
HANCOCK         9   9        822      2,715         13 
HARALSON       14  14      7,703      2,434         56 
HARRIS         14  14      8,878      3,400         53 
HART            9   9      5,500      3,479         42 
HEARD          11  11      2,788      1,148         19 
HENRY          34  34     42,759     21,096        298 
HOUSTON        30  30     29,862     15,054        237 
IRWIN          10  10      2,347      1,051         16 
JACKSON        16  16     12,611      3,468         91 
JASPER          9   9      3,157      1,558         25 
JEFFDAVIS     11  11      3,549      1,277         18 
JEFFERSON      10  10      3,066      3,447         22 
JENKINS         7   7      1,898      1,494         11 
JOHNSON         9   9      2,279      1,263         11 
JONES          13  13      6,939      3,855         51 
LAMAR           8   8      4,027      2,432         35 
LANIER          5   5      1,641        931         12 
LAURENS        22  22     10,883      6,281         73 
LEE            12  12      8,201      2,182         30 
LIBERTY        15  15      6,131      6,619         50 
LINCOLN         9   9      2,309      1,337         11 
LONG            7   7      1,994      1,033          9 
LOWNDES        39  39     18,981     12,516        125 
LUMPKIN        17  17      6,690      2,091         74 
MACON           7   7      1,851      2,906         20 
MADISON        14  14      7,254      2,527         52 
MARION          9   9      1,670      1,275          7 
MCDUFFIE       12  12      4,846      2,899         28 
MCINTOSH        8   8      2,837      2,523         18 
MERIWETHER     16  16      4,402      3,709         36 
MILLER          3   3      1,694        736         11 
MITCHELL       13  13      3,885      3,360         22 
MONROE         16  16      6,522      3,216         45 
MONTGOMERY      9   9      2,150      1,007         11 
MORGAN         12  12      4,902      2,304         36 
MURRAY          9   9      7,745      2,899         45 
MUSCOGEE       50  50     30,850     32,867        231 
NEWTON         22  22     18,095     10,939        132 
OCONEE         16  16     10,276      3,789        105 
OGLETHORPE     12  12      3,688      1,899         41 
PAULDING       27  27     30,843      9,420        204 
PEACH           9   9      4,554      3,961         30 
PICKENS        14  14      8,115      2,444         68 
PIERCE         10  10      4,680      1,234          9 
PIKE           10  10      5,193      1,506         42 
POLK           13  13      8,467      3,868         60 
PULASKI         5   5      2,202      1,294         15 
PUTNAM         11  11      5,188      2,880         39 
QUITMAN         4   4        409        543         13 
RABUN          11  11      4,650      1,918         57 
RANDOLPH       11  11      1,418      1,612         17 
RICHMOND       72  72     29,765     39,268        256 
ROCKDALE       18  18     18,856     12,136        164 
SCHLEY          3   3      1,063        464          3 
SCREVEN        14  14      3,360      2,534         29 
SEMINOLE        7   7      1,977      1,278         19 
SPALDING       22  22     13,461      7,460         86 
STEPHENS       10  10      6,904      2,714         42 
STEWART         7   7        797      1,220         14 
SUMTER         12  12      5,688      5,562         37 
TALBOT         10  10      1,103      1,830         10 
TALIAFERRO      4   4        335        612          4 
TATTNALL       17  17      4,657      1,787         19 
TAYLOR          8   8      1,912      1,458         11 
TELFAIR         8   8      2,171      1,590         14 
TERRELL         8   8      1,859      1,951         14 
THOMAS         22  22      9,659      5,997         49 
TIFT           14  14      8,619      3,864         37 
TOOMBS         16  16      6,196      2,567         50 
TOWNS           6   6      3,823      1,430         24 
TREUTLEN        8   8      1,691      1,052         13 
TROUP          18  18     14,183      7,630         99 
TURNER          5   5      1,815      1,135         10 
TWIGGS          7   7      2,112      2,220         33 
UNION          13  13      6,847      2,327         51 
UPSON          12  12      6,634      3,424         28 
WALKER         20  20     15,340      5,987        127 
WALTON         21  21     21,594      5,887        143 
WARE           14  14      7,791      3,448         42 
WARREN          8   8      1,121      1,360          8 
WASHINGTON     10  10      4,081      3,733         33 
WAYNE          17  17      6,819      2,683         40 
WEBSTER         6   6        485        515          4 
WHEELER         4   4      1,192        847         10 
WHITE          13  13      7,403      2,016         64 
WHITFIELD      25  25     19,297      6,933        126 
WILCOX          8   8      1,705        902          6 
WILKES          9   9      2,490      2,028         25 
WILKINSON      11  11      2,261      2,235         18 
WORTH          18  18      5,105      2,219         24