County	PR	TP	 R      D      Lib W1 W2 W3 W4 W5 W6 W7 W8 W9 Total
APPLING	19	19	5,085	1,846	65	0	0	0	0	0	0	0	0	0	6,996
ATKINSON	6	6	1,941	938	23	0	2	0	0	0	0	0	0	0	2,904
BACON	7	7	3,089	817	31	0	1	0	0	0	0	0	0	0	3,938
BAKER	7	7	828	846	13	0	0	0	0	0	0	0	0	0	1,687
BALDWIN	16	16	7,823	8,587	109	0	11	0	0	0	1	0	6	0	16,537
BANKS	15	15	5,120	1,027	89	0	3	0	0	0	1	0	1	0	6,241
BARROW	18	18	17,625	6,657	280	0	13	0	0	0	2	0	5	0	24,582
BARTOW	19	19	25,976	9,662	410	0	27	0	0	0	1	0	15	2	36,093
BENHILL	7	7	3,417	2,590	28	0	1	0	0	0	0	0	0	0	6,036
BERRIEN	11	11	4,901	1,471	72	0	3	0	0	0	0	0	2	0	6,449
BIBB	43	43	27,037	38,987	284	0	42	0	0	0	0	0	18	0	66,368
BLECKLEY	3	3	3,657	1,380	32	0	1	0	0	0	0	0	1	0	5,071
BRANTLEY	11	11	5,080	1,119	73	0	2	0	0	0	0	0	3	0	6,277
BROOKS	11	11	3,507	2,669	20	0	4	0	0	0	0	0	1	0	6,201
BRYAN	12	12	9,112	3,636	89	1	7	0	0	0	0	0	0	0	12,845
BULLOCH	18	18	14,174	9,586	144	0	8	0	0	0	0	0	8	0	23,920
BURKE	17	17	4,344	5,233	41	0	6	0	0	0	0	0	2	0	9,626
BUTTS	7	7	5,947	3,065	77	0	2	0	0	0	0	0	0	0	9,091
CALHOUN	7	7	862	1,342	7	0	0	0	0	0	0	0	0	0	2,211
CAMDEN	16	16	10,502	6,482	87	0	7	0	0	0	0	0	6	0	17,084
CANDLER	4	4	2,286	1,209	20	0	1	0	0	0	0	0	2	0	3,518
CARROLL	33	33	28,661	14,334	429	1	38	0	0	11	7	0	16	1	43,498
CATOOSA	14	14	18,218	6,025	225	0	20	0	0	0	1	0	7	0	24,496
CHARLTON	11	11	2,466	1,197	22	0	0	0	0	0	0	0	0	0	3,685
CHATHAM	92	92	46,829	62,755	566	1	22	0	0	0	10	0	55	0	110,238
CHATTAHOOCHEE	3	3	811	830	11	0	0	0	0	0	0	0	1	0	1,653
CHATTOOGA	15	15	5,572	2,596	134	0	1	0	0	0	0	0	4	0	8,307
CHEROKEE	46	46	70,279	22,350	1,026	0	75	0	0	0	2	0	35	5	93,772
CLARKE	26	26	15,333	29,591	493	0	19	0	0	0	8	1	65	0	45,510
CLAY	7	7	558	879	3	0	0	0	0	0	0	0	0	0	1,440
CLAYTON	60	60	16,506	82,527	353	0	17	0	0	0	13	0	22	0	99,438
CLINCH	7	7	1,678	989	29	0	0	0	0	0	0	0	0	0	2,696
COBB	177	177	170,957	141,216	2,966	0	127	0	1	2	26	1	142	6	315,444
COFFEE	8	8	8,872	4,811	57	0	2	0	0	0	0	0	5	0	13,747
COLQUITT	21	21	9,185	4,139	105	0	3	0	0	0	1	0	2	0	13,435
COLUMBIA	47	47	39,322	15,703	298	0	12	0	0	0	1	0	15	0	55,351
COOK	10	10	3,782	2,075	46	0	0	0	0	0	0	0	0	0	5,903
COWETA	30	30	37,571	15,521	410	0	22	0	0	0	1	0	24	0	53,549
CRAWFORD	8	8	3,358	1,832	46	0	3	0	0	0	0	0	1	0	5,240
CRISP	7	7	4,424	3,085	36	0	2	0	0	0	0	2	1	0	7,550
DADE	9	9	4,703	1,612	93	0	0	0	0	0	0	0	0	0	6,408
DAWSON	10	10	8,242	1,632	93	0	4	0	0	0	0	0	3	0	9,974
DECATUR	16	16	5,890	4,424	56	0	1	0	0	0	0	0	3	0	10,374
DEKALB	199	199	65,581	254,594	1,895	0	53	0	0	4	56	0	117	1	322,301
DODGE	18	18	5,543	2,595	70	0	0	0	0	0	1	0	3	0	8,212
DOOLY	7	7	1,991	2,138	29	0	2	0	0	0	0	0	0	0	4,160
DOUGHERTY	30	30	12,547	26,135	150	0	5	0	0	0	3	0	6	0	38,846
DOUGLAS	27	27	26,812	27,825	419	1	16	0	0	0	2	0	8	0	55,083
EARLY	13	13	2,711	2,603	21	0	0	0	0	0	0	0	0	0	5,335
ECHOLS	3	3	981	201	5	0	0	0	0	0	0	0	0	0	1,187
EFFINGHAM	23	23	15,230	4,936	132	0	15	0	0	0	0	0	3	0	20,316
ELBERT	13	13	4,868	3,366	73	0	4	0	0	0	0	0	6	0	8,317
EMANUEL	14	14	5,110	3,068	56	0	0	0	0	0	2	0	6	0	8,242
EVANS	12	12	2,462	1,374	19	0	0	0	0	0	0	0	0	0	3,855
FANNIN	14	14	7,807	2,611	154	0	9	0	0	0	0	0	3	0	10,584
FAYETTE	38	38	38,501	20,313	470	0	15	0	0	0	2	0	20	0	59,321
FLOYD	27	27	23,132	10,691	374	0	8	0	0	0	0	0	8	0	34,213
FORSYTH	34	34	59,166	15,406	705	0	69	0	0	0	0	0	26	4	75,376
FRANKLIN	15	15	6,069	1,914	84	0	2	0	0	0	0	0	4	0	8,073
FULTON	344	344	130,136	272,000	2,498	1	99	0	1	3	68	0	133	2	404,941
GILMER	15	15	8,408	2,614	117	0	9	0	0	0	0	0	1	0	11,149
GLASCOCK	6	6	1,202	210	16	0	0	0	0	0	0	0	0	0	1,428
GLYNN	21	21	20,479	12,676	161	0	9	0	0	0	2	0	12	2	33,341
GORDON	15	15	13,113	4,268	208	0	5	0	0	0	0	0	13	0	17,607
GRADY	15	15	5,775	3,539	45	0	2	0	0	0	0	0	4	0	9,365
GREENE	10	10	4,532	3,339	47	0	0	0	0	0	0	0	1	0	7,919
GWINNETT	163	163	158,746	129,025	2,345	0	100	0	0	0	8	0	47	0	290,271
HABERSHAM	16	16	11,766	2,900	127	0	12	0	0	0	0	0	3	0	14,808
HALL	41	41	44,962	14,457	504	0	3	0	0	0	1	0	1	0	59,928
HANCOCK	9	9	795	3,535	14	0	0	0	0	0	0	0	0	0	4,344
HARALSON	14	14	8,658	2,248	176	0	12	0	0	0	0	0	3	0	11,097
HARRIS	14	14	10,648	4,184	68	0	4	0	0	0	0	0	4	0	14,908
HART	9	9	6,537	3,365	89	0	9	0	0	0	0	0	2	0	10,002
HEARD	11	11	3,133	1,042	44	0	3	0	0	0	1	0	2	0	4,225
HENRY	40	40	47,157	40,567	580	0	4	0	0	0	0	0	3	0	88,311
HOUSTON	26	26	33,392	22,094	386	0	40	0	0	0	0	0	19	0	55,931
IRWIN	10	10	2,605	1,197	26	0	0	0	0	0	0	0	0	0	3,828
JACKSON	18	18	17,776	4,950	215	0	15	0	0	0	1	0	3	0	22,960
JASPER	9	9	3,916	1,935	49	0	3	0	1	0	0	0	0	0	5,904
JEFFDAVIS	11	11	3,867	1,356	50	2	2	0	0	0	0	0	1	0	5,278
JEFFERSON	10	10	3,061	4,149	24	0	0	0	0	0	0	0	0	0	7,234
JENKINS	7	7	1,936	1,482	21	0	0	0	0	0	0	0	1	0	3,440
JOHNSON	9	9	2,426	1,198	20	0	3	0	0	0	0	0	0	0	3,647
JONES	13	13	7,782	4,572	79	0	3	0	0	0	1	0	1	0	12,438
LAMAR	8	8	4,873	2,752	60	0	2	0	0	0	0	0	1	0	7,688
LANIER	5	5	1,787	1,062	21	0	1	0	0	0	0	0	2	0	2,873
LAURENS	20	20	12,052	7,769	110	0	3	0	0	0	0	0	3	0	19,937
LEE	12	12	9,925	3,100	56	0	4	0	0	0	0	0	2	0	13,087
LIBERTY	15	15	5,828	10,474	69	0	4	0	0	0	0	0	1	0	16,376
LINCOLN	9	9	2,731	1,650	35	0	0	0	0	0	0	0	0	0	4,416
LONG	7	7	2,119	1,288	43	0	0	0	0	0	0	0	0	0	3,450
LOWNDES	34	34	21,269	17,597	188	0	13	0	0	0	2	0	9	0	39,078
LUMPKIN	17	17	8,326	2,586	151	0	5	0	0	0	3	0	4	0	11,075
MACON	7	7	1,712	3,251	18	0	0	0	0	0	0	0	0	0	4,981
MADISON	14	14	8,226	2,965	128	0	8	0	0	0	0	0	7	0	11,334
MARION	9	9	1,772	1,381	29	0	2	0	0	0	0	0	0	0	3,184
MCDUFFIE	12	12	5,400	3,989	50	0	1	0	0	0	0	0	0	0	9,440
MCINTOSH	8	8	3,282	2,905	41	0	0	0	0	0	0	0	1	0	6,229
MERIWETHER	16	16	4,982	4,465	52	0	4	0	0	0	0	0	1	0	9,504
MILLER	3	3	1,899	818	21	0	0	0	0	0	0	0	0	0	2,738
MITCHELL	13	13	4,201	3,872	45	0	2	0	0	0	0	0	0	0	8,120
MONROE	16	16	7,933	4,106	79	0	8	0	0	0	1	0	4	0	12,131
MONTGOMERY	9	9	2,521	1,045	23	0	1	0	0	0	0	0	0	0	3,590
MORGAN	12	12	5,987	3,091	70	0	1	0	0	0	0	0	2	0	9,151
MURRAY	9	9	8,180	3,026	163	0	6	0	0	0	0	0	7	0	11,382
MUSCOGEE	50	50	29,568	44,158	285	0	18	0	0	0	4	0	32	0	74,065
NEWTON	24	24	20,337	20,827	237	0	19	0	0	0	5	0	10	0	41,435
OCONEE	15	15	12,120	4,825	177	0	6	0	0	0	1	0	3	0	17,132
OGLETHORPE	12	12	4,144	2,232	60	0	2	0	0	0	0	0	9	0	6,447
PAULDING	30	30	39,192	17,229	536	0	18	0	0	0	1	0	9	0	56,985
PEACH	9	9	5,173	5,927	61	0	2	0	0	0	0	0	2	0	11,165
PICKENS	14	14	10,004	2,595	177	0	3	0	0	0	0	0	7	0	12,786
PIERCE	10	10	5,500	1,253	33	0	3	0	0	0	0	0	2	0	6,791
PIKE	10	10	6,547	1,575	77	0	3	0	0	0	0	0	1	0	8,203
POLK	13	13	9,850	4,052	201	0	5	0	0	0	0	0	5	0	14,113
PULASKI	5	5	2,553	1,377	23	0	0	0	0	0	0	0	0	0	3,953
PUTNAM	11	11	5,966	3,102	59	0	4	0	0	0	0	0	1	0	9,132
QUITMAN	4	4	509	597	8	0	0	0	0	0	0	0	0	0	1,114
RABUN	11	11	5,487	2,001	96	0	12	0	0	0	0	0	3	0	7,599
RANDOLPH	11	11	1,370	1,833	12	0	0	0	0	0	0	0	0	0	3,215
RICHMOND	75	75	26,842	52,100	329	0	33	2	1	0	4	0	22	0	79,333
ROCKDALE	20	20	16,921	20,526	232	1	16	0	0	0	3	0	7	0	37,706
SCHLEY	3	3	1,252	479	6	0	0	0	0	0	0	0	1	0	1,738
SCREVEN	14	14	3,423	3,024	34	0	0	0	0	0	0	0	0	0	6,481
SEMINOLE	7	7	2,315	1,660	21	0	0	0	0	0	0	0	0	0	3,996
SPALDING	23	23	14,885	10,141	206	0	20	0	0	0	0	0	3	0	25,255
STEPHENS	10	10	7,689	2,705	100	0	19	0	0	0	0	0	4	0	10,517
STEWART	6	6	783	1,305	17	0	0	0	0	0	0	0	0	0	2,105
SUMTER	13	13	5,717	6,454	64	0	0	0	0	0	0	0	0	0	12,235
TALBOT	10	10	1,301	2,369	25	0	1	0	0	0	0	0	4	0	3,700
TALIAFERRO	4	4	339	643	8	0	0	0	0	0	0	0	0	0	990
TATTNALL	11	11	4,730	1,932	41	0	8	0	0	0	1	2	0	0	6,714
TAYLOR	6	6	2,021	1,536	26	0	0	0	0	0	0	0	0	0	3,583
TELFAIR	8	8	2,486	1,862	26	0	0	0	0	0	0	0	0	0	4,374
TERRELL	8	8	1,890	2,501	25	0	0	0	0	0	0	0	0	0	4,416
THOMAS	22	22	10,642	7,720	87	0	5	0	0	0	0	0	5	0	18,459
TIFT	14	14	9,431	4,749	72	0	2	0	0	0	0	0	3	0	14,257
TOOMBS	16	16	6,658	2,964	66	0	0	0	0	0	0	0	0	0	9,688
TOWNS	6	6	4,292	1,391	56	0	0	0	0	0	0	0	0	0	5,739
TREUTLEN	8	8	1,826	1,112	16	0	0	0	0	0	0	0	0	0	2,954
TROUP	18	18	15,391	10,455	182	0	0	0	0	0	0	0	0	0	26,028
TURNER	5	5	2,096	1,427	29	0	1	0	0	0	0	0	0	0	3,553
TWIGGS	7	7	2,087	2,402	30	0	0	0	0	0	0	0	0	0	4,519
UNION	13	13	8,013	2,486	126	0	5	0	0	0	0	0	4	0	10,634
UPSON	11	11	7,291	4,061	62	0	5	0	0	0	0	0	2	0	11,421
WALKER	20	20	17,110	6,095	296	0	33	0	0	0	1	0	7	0	23,542
WALTON	21	21	27,253	8,469	276	0	15	0	0	0	0	0	13	0	36,026
WARE	14	14	8,311	4,034	71	0	0	0	0	0	0	0	0	0	12,416
WARREN	8	8	1,087	1,554	19	0	0	0	0	0	0	0	0	0	2,660
WASHINGTON	10	10	4,216	4,607	40	0	0	0	0	0	0	0	0	0	8,863
WAYNE	17	17	7,601	2,858	96	0	3	0	0	0	0	0	2	0	10,560
WEBSTER	6	6	588	515	7	0	0	0	0	0	0	0	1	0	1,111
WHEELER	4	4	1,408	794	8	0	0	0	0	0	0	0	0	0	2,210
WHITE	13	13	8,467	2,174	106	0	8	0	0	0	1	0	5	0	10,761
WHITFIELD	25	25	19,230	8,167	254	0	18	0	0	0	0	0	8	0	27,677
WILCOX	8	8	2,159	978	24	0	1	0	0	0	0	0	1	0	3,163
WILKES	9	9	2,705	2,315	32	0	0	0	0	0	0	0	0	0	5,052
WILKINSON	11	11	2,349	2,298	23	0	1	0	0	0	0	0	2	0	4,673
WORTH	18	18	5,780	2,542	43	0	4	0	0	0	0	0	1	0	8,370